$ANSIBLE_VAULT;1.1;AES256
30383431356538316266323066653965393637626635316165356636643737366666636231303535
6438626635643861613430383261646163343265376437350a343139366639353666643132333733
38616561373861356435346139666531636532626564376565363933663861386137393661623231
3764343839363563620a646334663632656135653266393364656565616465626261643832393537
61353139323637333262386337336333396663366233346464663539356630613231306364656630
36613464386564316266323862646334366434323934663237623762333239363362396636643935
34663636366636366662353165653336386663383735383333313163623236316261366231303462
61663766373534663766666336306564653763623535363737343936663266626132303661623264
64653536323934336465356231663538663236653237636537363432303731326436373030373932
63336233323463303962663566316538613133646162396465346236393166333537646165636432
34663466336562613334646235383234336666376332336663346163303162363062333339383831
30306537373332343535363536653263356533613931313939656239363933343034353565613261
36306238613264316332616337336265363130623231323263343635656430333431663836633431
39356133373839373135343736626634626565373763323065306535623864383562643135396435
38623933333866316563326261343532306436393633333161363665353432643061386663653332
63643764653663383231643230393063356136666566373033336662393838376430316536393832
39346639353864323639626339333035303334336539353639373261623734323830326632393430
64636435323862376261303366323037323266393234383464663764323761373637356337303331
63663638343039366130313139323936623263356636613336353235316438366132653633646238
34653339613132306430363632383232613335643738376139366430396432666565393337333766
63396566333666663836386432646238366239646665353933646535643461363131363761623464
64353162663039353033303535343637356337343863393066326336323837393039383132343038
63353166303730323831386238656661383261326133306631666663323737343166386366323262
38376437633437653261613138626533663532643962336364373363306432613862633333336362
34396436646461393163323662623935303466336136666263353337393463333830363439376339
65383862326239363234333065646264666566343230626232336561336662336634643538653164
66306462333730323633636335346263333937356631633139613462353137643934346439396638
61653435643164326630653263636534663330393565623936366637653365646233326635613066
66343330626161663334383536636366666336626539633162393864343932633463383232383434
39386566386637303235656535636636303739316561386439343662643565626635343263363434
63643132353666643138656537613134636530663166386235373061616265346638623636363964
64643862613663363537333565373938333262646535343938376638626663366239613631656535
64343239303864343432333037363231336234383334373265613963306533346138636530396364
36326332346631323663613062613734633263373034643464366337383264663639303362643935
38626238653033323464643764343463366538373531393830643438363333303639383132343933
66623132386138383539656335353733333238386534663339336665336531316532386562343033
32313935376466353264366133613333643534663530623931383133666232323130653433373536
64333462633561383037326239333435616534316538353231316339383461663733386133313230
66356330643034656464303733616561636164613136343436636262636434616265636633316338
32306661383565653562653832366438636566383165366163613132356636666636663964616432
64383566336634666335343065356532373564643862323462623665363839613935653032613137
63306437633632616534336563313362386535396466333536326361323362663133633366613231
38333036623164313463626431623232336361646463396233323466353536336561316434386132
65396266336430323465366462353564376437616563313435653032653135313734366330383166
64633362386466623661626361386531613633313163663238363561353033373539383130366632
34656465363136306631313734653430303462633737633136343836626430623564653936613935
37353638643831363833383038396134316638333863313536363836633039623432313136383562
63623837316234316161636639393061393739306432356162333933633532316161323338346266
64326630316635396232386461643862333461666362393866363163393763616632353364653966
35306130663637633433623761656536633638383538653666326439363566326231613634623237
62336661633133323130313231326634326561626433333465643761623065636239316133346562
34356135386263373863353764386337363333613033623132623832323735366536343962373438
35306536363537366238393039313834633335373137613931366330353337383735656262616235
35643439333362306432366565323063376666383764343235636265323466616562653461643735
34663239363634643637386634356263646135653331373266323338363737323864323464656337
64613332353966373831333530653761616231386235366363323036653137636666653837636163
64376539633032306366326432633863343836353237663465386439346664613164303138666661
66613633353532373635383266353533376262393264663237653130383863376663383535663664
63313961623435323737653536306335633465316166623862626330343735366465393239366630
31656439303465653937313764396638363537393862323335396337313430303461376664646536
37613562346336323839636262346235353038326334656564633333613361656133376632636361
61376363313866666466353631336162386366363138313261333861626637626266633938643733
35343434613062393131616536626462323966633831613534323361306235653564336437316430
62323439663834643038656561626336353861353939653734323465336634383332363062646338
37646137663266663261623830623731643233323464303166353837323864356262303936616230
32653535373736333234333033623366663836373633386162383434656265313630663165363662
39346363346235396339333331333330383666623838313531383466326536363966383666636536
38386464353465643337636339363736666361643466313030353030383733623563336637316163
33646237313234653864663432653133323338633335613961383439383431383262303938616237
61383433326534633832653961646330353632303639373838313732323063356364306664663463
33663766613862376531386437343433383762383162663664656436306564653539383662313238
36616438643861646161343763333435613238303264353739653561353964306636666566316166
31663237363363636465323735353138366264343336383864356531303662363262383064626339
66333132366439623765393165363932626633623033393236646133346465653662643039633333
35636336303135656530653136326331646263333666343764316564373963633435656164626635
65656664623537396537306234333166613431646131626239373631653039323833653664373134
37666638386434313736383962346330633838343464666464333939646436386465616131316631
65356638366538326362623738383535363563326433393737613838633061326435633836353531
61333532666630303131393139636535636636386661343530353331316137383663623565363138
38303935326236326236346338343431376165393538363136656432326637313535386233643533
33373036623462663761386635346231636436653938656661363437663466666637393964366439
64653263616535303038643765393535646531313764333639386536653031656163373766303336
34353737363165373130343562326662356266363964363338656462623739336563363730306133
63623066366432383661646531666135393336666163373636386264353733656637663433373333
31376532303331643930306662616666363037373364313630623835633763323437323931363662
34303734646566396538616262376163643436353261376130333233643866636234356237623335
30383461396136366661356565646630306438313361323434663035303065303631613662643935
34366638333538313331323039643539383563373036363333386336393330383163393463646630
33653932366434306365626166656463363934303535646465303837623130393763363732306439
36633433393630636538666334376339373533356633653364643065643830326666386334396434
32346565623035316133356630646539303966383732313830393563663366663565636634383338
66376633626231653738646565313863643938636535623330366133333766633135353535343238
35666534636466373838646338376631386264323266323733393633653030303637323366643966
61643532343663356130636632316466323364653764333537373063353032393866306334656534
66626266306564626435646637306362626665303335336362393862356338663937326334633633
39643236303534646137323266306531353334386130356333626261666162336133316263336361
38386532333738373635396239626136326332663830626139376363623661666439363331323631
38373862313731336266373363626263353338383162363661336366376137346436323230626636
33356364336334623262333166316130646237306137386230663161623566313736326335363931
61326165363230633132613363336139336361616332663666663264393661623331353935356631
39353061386531643238303035303732666537363063396135666531373132623666326536636132
37336136653965613766666262613166636563323335646263643265636363396537316562336265
38383034626534623563363562613866336231393062333634343263303531353337323336623239
65303236623264373630623965363036623239666633353638373230663565343766343030613734
35303762373130303838303030383030373635666265303137363637396338373337383135613039
35656536666364363538393436323335623566353061653261393537303265363731663563396365
39343131363861393030623733313236396633346564313561336434323534326265666566626639
61346435353264643066643662383931363630366132323237633065303532366331636237313132
33373538663466343535353964303136383865323233646537623663376661613135653162373564
37353132613335636332336464613832343534396365323937396466373561373634616236653237
38373930373132383535636261666137656162343235396363643237656661303764316433656264
63363532323236336464366161373962363861376461643839336531323931313166633639393938
63616666393963366664323933363561356163313865386238613733333965666337306563623866
39633365366432626533336530653036633131363761646463666165353030633665333139346362
39376165363437633635323066656535656466323834373237333865356335366435646635626362
32313635393061303361353930396631633830326462383336383163633863623236366261363263
63383836313566366365366362643863616436666236653535383262353065613762303436663634
39356564303135353064626162383861633166616262623930653733626332396564616564366332
34393663656332323636336535613062633736353362346566653236303332366464323539663736
37373738626466323436303462656232353765393965316661383935616131303365393931343166
30366536646263653535396266366133383365623737383333663366366635366137663639323963
62333333313261366136386230353932363330653965306333646132373664663962646361306236
34343837313437386665656335363336353939636233666365653964663234353237636234383039
64643939333537336535363431626233373539386562373961623864363733633163633930666635
36376339643338353731336233343261303338663338373663663534396437633733643766653230
31626535373238643863663961373738633332373662373161616666383661313137626164383164
62356664666131383036326236663535373737373439666463346439376365633461653938356237
30653663363336653136616436303663643161333836393739326333346636393866386265313661
36303165366236356530653037353466376164643765333635376132653939383864373536363936
39383633343438353864313738383735626632373066343835383262353231383963326139613235
33386234373761343038363034616237353561656231373831323462323665373166353736396132
65623331396464333633623630353935396136653766356536653530323962393330623563333038
30643536333038643333363732653164656131333561373461343239653037323935373636636664
65333564333761623335663135393634363739326363396365646636346534303338316239353463
64376331636566313536613731343736396262373465636439326132303832393966326266636336
66333632313832306663313833373663326134666266333731633963336639363539663635643664
64396639336161616339626436393964383736363964616262363035313535376233366632376162
66333962343134363434373330343833633131393135353139316638313533383763326436383764
37306434306632356133643039633337656161656663616166646566636233303937366164666361
38383463323964366334333436336364346262643436393835633561303461336266646663663464
35636338356339363638373132346139623061313536633137366535313137313361383937306638
62663236636637383965323237613730346362636335626230653430653432363639336136616538
39306535323132326533323635323965633862663139373166323464623561393661383466393031
63663338633035326165393832336463643561636335343330623765393537373161356361613132
33303731646333313063663937653130346362653938343732643537373539386431373461346133
39656133616437653162616438333338376663656531323032313964646665393337623634373233
66646237646533373638353564346261636165623663346132343336383362346538346234396135
33326163326566353566626239396339363063643864633866383938386631306563336536633065
31626532353639653666363232363030653234303936303465633939386133316265313338326434
36386230333964353836613335323633383439396162326164666263613864353565343930633234
64396238613164353634306631343336613363333164333432616430353532633062393362383034
37336565663365346335303039666534373434373430376264663161656362616233633432336538
39366131313433336563656230613834376438656664656262333664363330386537656165346561
63343161303833333666643336323366386531313561336638623334373431393931396435656164
35613030333630663236633036303538383363333661363331303531643864313265626331363236
65363562333635623838663461373432366166303565313165326139343632616139336331653935
36663364316234656662336436303237393862333163393563306566623033333034383634323561
65336436363736666535623233366636626536333264343535373937363166316531346635393063
33346338366438326630316536653830643566313135383861643138653063313264306630653066
32333032383033663766613165333831643161373334353135343235633533353166336362306233
62666364643431343663663562343732663931393138613332623136653465326261636233303235
30313233633363316366656233393739326165663433376666373233393864303762316566373636
38323165356535393138373738623639623735303436396166666237656636626232333862373338
34323562316662383736326235623431383634636663613063623439383534346461633339653764
36323861643337643637363832396366663036633164326462656431373232376336643333323562
33353465306432363061323064643533613736393437393461386332313739656361303362373231
32653735333566346137663233383739303232636132643434633239353139356537353166356230
37373166623736653335353830323362313963323437316166356137346134323161353335633562
62656335663438363136343039353164636639393731343230646266373930623264386631633032
39386634393734316633313963343164653135373936623539653439626162356537376362306664
34326630636137346664343361656137353832613461303836383463633932343739323732356539
30333230646262633331653335646135353030613234343332363837666137633064643361616435
61323462613363356163333730313865613635383535373264643134623336373739656236626462
39353965663861633739646666643336346631643335363763626638396637626536376538666132
30306463653262356430346436373439653463666364366132386530646566303039363766613763
65613330356232623232643238316634353230393436363133343562376332633737396565366532
66383836396266316232346666333633303837633436613631303231313134653331306235346466
63333261613465383437376664353534323030363066386465656661323964333236366534313566
38396639323162363131343665616637663734373838313366633039313231316462643931616632
64356432303933363861313930623666323735386366353931303437623439313261653361616437
39323563313237636332326331323438313865316565333964663036613363326136613561313462
38363261393961653930383237356337383539633538636639343035626130303566376664393466
30303230346233663932666231376264393064373038376636366365353730353263353132656539
36323832303237616564643830396636373835613164353434636533636334346336363165333634
65643037376630353762663431646536356430623936336630373134333463333433353131343066
33646332323335653661383631616664303635363632363761633563336530373038653835373130
64636364326530343531626364353732346362646333616263333965613032623834303930613862
36636337663962316265
