$ANSIBLE_VAULT;1.1;AES256
65353738333038333339353533383465316636643062663965623965623838393665643562353334
3366623836373863346238336462663830366262343566390a303965386436343035623464616365
62376336313066333730623963623362363533323265393737666337363430616434646138626363
3363373361316335330a663662323666636262653363633338303230343061393366343437333965
37633564316538666638336161653865643533663463656334636361393761653863373463646234
35373639623639623339316665653439663635616631623365656361396634666161366334623734
38643239386365653631346362613566393033633435616136613439366132653435333161383764
36393562643931323666373665643963353030623066643462343834653364376231383565636135
62376631373032373332383138353562316361363664313163633435313066323939333463323435
34376165376332616339343139363665313966613338333636616236373038623066373535653563
62623135346531303934366638336231393435383061623435313363653738356234366166373139
62303331663362623730646265316632333166303039336237646635373963346663356139646565
35396165623032393131366539363539313035653536643666333539303666643431323736656664
39616137663566393434306630303335376164616334376331643338336464663162656563343931
37373036663161666233616362633736333163656139613465366431643266663262393836386161
30353233623061346162313138383435366265663935643735326366303461643761303936336237
34343162663938326562663261666338376463336339346662353734623538303462653964666665
62376166653236623466383136386461356433666635356336626263396462633563623364653461
39636635616133303561633935613232663362613430333732303135343238646134653063636436
37353865326339616131656364626464623965366537363861383164356161326639353335343834
63613531306630393634616631663837623366326433363932383063303635623830346539376331
62616336663562663932333136613064363838366661306637333161333131613466333465353364
39626364663934616535346437666639663963346136393665343464386465366433363938396438
65663964633265393830333664346235663133643635336338393337373330343066346566313036
37656333646365336333626333633238653831366230643262333939343530633861386566373831
32383864666464343165663036323132393133333361616164316633373731376533626362623635
34616265666139616263646135326136643938316634626433326564383230653239333166373537
66396238653566316238346661373536623566316365626632346264373531383736626639393733
65306639333661386432363934616432336130616531336331376431653962393266323538623936
38326435383536313561373562363363343061343961343762336635656565326332303833343738
37393039613036636130393662616661303232636432663365646237613434333834613564643036
63326465613565333438643065613334386531643234353334376537323739336162363131316131
61633036653363656534316239646365666333383336613832366631633464613661323432643939
66333530363835383034303232393738316363653334316261623166376138366539306334373761
62333939626633393164633563323732346362646262613862376237323765376666613662623465
64666664303837373063613139616664323736373363613266323263643763343738353165653437
33656261336438373437373531306237333533383037303835613765663064333039336131306531
33623564353239353237346562623362323031393536666439633330636530653632666337333761
30353834643339336539373965343435373465346435366334373334303364366239313437643733
34376661333737643731336663313233336161643536616634653339646565313630303430626238
30326334613031383465653534613161393036656164326630636234333464366339666337343832
36313132356237366531336461363334353234396162633834386263653437333661316232346535
38623432353138316139653466643037626138373166396633396532613037396631326165303439
30306332393763373439383463356261386339323839653338646538373238316337363632303036
33356534616630333562326564636462373131303136636439346465346566646235363436623730
33353366363964313936343065353733356338336264663639323339626431323261636165366438
63303733643364376230376637623630326363393162303531396539643634353935636565313432
32393330313934346537313232653064656632386266653662323630383735336466663634353532
65626332383266613738653861663165386432623731393636613065393639343863393565326234
63666638346239373563386161363938613432343563383231386433616232356332663135363762
63343065383164643336656237333364626162373262636537633038656563306530373364353330
66666563306432386662633030313639376361383665666230623038616431396437663864303035
31656662336335656130393336663865636238653730333833646136333833326163303462383334
32623961396539656261626230333163376538316337303439653136323431346130303734363563
39316338313565336339396661323635383134646435323636373562653365666431316537393232
39336261323330396238353832356532303132393535623564303365376132323465666530353965
64383062356665363130383361623832386665396134343361353764313731616330376363303661
66393232326162643064366264653032366132646566333436343165356464376238306636376663
32643631393965663237323965643137663531613830353732366566383330313632633166326431
33336262663732613339633636363261313161366634303833356230306431653535623664373930
64616632653661386637353563613130306633333064366264336531663838653663613838623439
34366334613766343161323531343436313164616530653834343566303162643063653965643239
38626630373265313963333766363233333261313235323338616265336330356561323763353434
37336531313834373965346438386464643834393030303932313438376139623736623436636333
35346439356630383565633264363865653666316330613238393632343333353438316530646133
61626464613437613830616461646363376363333834313032376237626465313465383163373965
37396437396665653834633761366630393966396461633930393435323666366133663164623430
35346234383330303566323462323933333831623464383935633138303666393762326564316136
61633265666363393035323562336238383239306366346334633561353637613062336135366661
61343565623330333436323764313465323061653938306130373966366566656332386534656632
64613965616333343261386364383637316639636330646439336463383832383039366163336264
64643062353936363764323033343137613266613133643464396434633139656263336139646664
61313935646138343431393237656239303631376164363236333233346261333663343331316232
63653830633132323761343237313938316662316133353037623832383962663231316363376130
38636166343061643062393764623835353934366433306232316262303331386437656163323033
62636231666666663330336537343264613330386164383764353134393030343130316162326361
31666665373734653339333866613431373636633465316163326431313931636663323039386233
39623262643036383830353234633664666335663739636530316264303065616666333037306334
30396132396434653466323135313736613564663466383934363334383132666634376161343362
36613163663237333739353831373264613438363662633731616133656332333138623135643161
39633237613436656139633464353566636365363630376231373837306365376439633666366338
66303461313161313831303731346261613337643737303530336462373464613731663538313262
30663935643735343231613763636236666132336139316663653865353335653965333162386265
62313636336133363063613166356138363630663262666465306635633331333863653466613837
66656438636638363037626134666564386431393565363234613734666562376135336334393435
34303961653636373963653465316436343836666235316438316239323439376231656564346662
36306461323737323035663236626136333036663466386632363430396339323233653162313631
37353464666366633130
